kinematics:
  shoulder:
    x: 0
    y: 0
    z: 0.162732579258198
    roll: -0
    pitch: 0
    yaw: 2.140181712406708e-09
  upper_arm:
    x: 0.0001311794876610723
    y: 0
    z: 0
    roll: 1.570108674137845
    pitch: 0
    yaw: -4.341724122155188e-06
  forearm:
    x: -0.4253366442301741
    y: 0
    z: 0
    roll: 0.0008077149057269177
    pitch: 0.002015345583243279
    yaw: -9.597002784861918e-06
  wrist_1:
    x: -0.3922831502344353
    y: -0.0004147401876803952
    z: 0.1336725621079875
    roll: 0.003102647621305426
    pitch: 0.001052146407392247
    yaw: 8.262540408167935e-07
  wrist_2:
    x: 3.649993073642148e-06
    y: -0.09982107534798576
    z: 3.615604755797192e-05
    roll: 1.570434118254759
    pitch: 0
    yaw: -8.25185614684084e-07
  wrist_3:
    x: 1.512546443301618e-05
    y: 0.09953911458263388
    z: 2.853439609482283e-05
    roll: 1.571082991945906
    pitch: 3.141592653589793
    yaw: 3.141592273255948
  hash: calib_8577856662629184025